2858848
2858844
2858842
2858699
2858838
2858835
2858831
2858829
2858828
2858704
2858698
2858683
2858679
2858494
2858457
2858455
2858947
2858941
2858454
2858452
2858451
2858448
2858445
2858441
2858428
2858430
2858429
2858427
2858425
2858424
2858421
2858414
2858413
2858412
2858375
2858374
2858373
2858370
2858368
2858364
2858363
2858362
2858360
2858359
2858358
2858357
2858356
2858353
2858352
2858350
2858349
2858348
2858322
2858320
2858318
2858317
2858316
2858314
2858313
2858312
2858263
2858218
2858217
2858216
2858215
2858214
2858213
2858212
2858211
2858210
2858209
2858208
2858207
2858203
2858202
2858198
2858200
2858197
2858196
2858195
2858191
2858187
2858186
2858184
2858169
2858139
2858133
2858131
2858129
2858127
2858125
2858080
2857953
2857950
2857949
2857948
2857947
2857946
2857945
2857943
2857942
2857934
2857932
2857931
2857890
2857894
2857888
2857883
2857881
2857875
2857862
2857846
2857842
2857838
2857836
2857833
2857829
2857828
2857826
2857825
2857824
2857818
2857816
2857815
2857812
2857804
2857807
2857806
2857797
2857794
2857790
2857788
2857783
2857940
2857746
2857936
2857935
2857654
2857648
2857646
2857642
2857630
2857623
2857620
2857618
2857615
2857614
2857611
2857610
2857609
2857607
2857605
2857604
2857603
2857601
2857594
2857593
2857590
2857561
2857584
2857578
2857577
2857576
2857572
2857568
2857566
2857565
2857564
2857554
2857553
2857550
2857548
2857545
2857528
2857544
2857542
2857541
2857532
2857530
2857524
2857507
2857506
2857505
2857504
2857501
2857474
2857471
2857470
2857469
2857430
2857587
2857585
2857417
2857415
2857411
2857366
2857365
