2858839
2858838
2858835
2858831
2858830
2858829
2858828
2858706
2858704
2858700
2858456
2858943
2858941
2858454
2858452
2858451
2858448
2858445
2858452
2858451
2858448
2858445
2858441
2858438
2858437
2858436
2858434
2858433
2858432
2858430
2858429
2858200
2858078
2858076
2858075
2858073
2858072
2858071
2858070
2858068
2858067
2858066
2858065
2858064
2858062
2858061
2858060
2858059
2858058
2858056
2858055
2858054
2858053
2858052
2858051
2858049
2858048
2858047
2858045
2858044
2858043
2858042
2858040
2858039
2858038
2858037
2857940
2857939
2857937
2857936
2857935
2857894
2857810
2857809
2857808
2857807
2857806
2857937
2857936
2857935
2857776
2857772
2857771
2857770
2857769
2857767
2857766
2857764
2857763
2857762
2857758
2857756
2857755
2857754
2857753
2857752
2857751
2857750
2857749
2857748
2857718
2857717
2857716
2857715
2857710
2857709
2857698
2857697
2857695
2857694
2857693
2857692
2857689
2857688
2857686
2857685
2857684
2857683
2857682
2857681
2857651
2857589
2857587
2857585
2857584
2857581
2857580
2857578
2857577
2857576
2857574
2857573
2857572
2857571
2857568
2857566
2857565
2857564
2857589
2857587
2857585
2857544
2857542
2857541
2857533
2857532
2857531
2857530
2857589
2857587
2857585
2857415
2857414
2857412
2857411
2857409
2857408
2857407
2857404
