2858947
2858945
2858944
2858943
2858941
2858922
2858848
2858844
2858842
2858839
2858838
2858835
2858831
2858830
2858829
2858828
2858706
2858704
2858700
2858699
2858698
2858683
2858679
2858672
2858669
2858494
2858457
2858455
2858454
2858452
2858451
2858448
2858445
2858441
2858438
2858437
2858436
2858434
2858433
2858432
2858430
2858429
2858428
2858427
2858425
2858424
2858421
2858417
2858415
2858414
2858413
2858412
2858408
2858402
2858375
2858374
2858373
2858370
2858369
2858368
2858367
2858364
2858363
2858362
2858361
2858360
2858359
2858358
2858357
2858356
2858353
2858352
2858350
2858349
2858348
2858336
2858322
2858320
2858318
2858317
2858316
2858314
2858313
2858312
2858271
2858270
2858267
2858266
2858263
2858262
2858251
2858219
2858218
2858217
2858216
2858215
2858214
2858213
2858212
2858211
2858210
2858209
2858208
2858207
2858206
2858205
2858204
2858203
2858202
2858200
2858199
2858198
2858197
2858196
2858195
2858194
2858192
2858191
2858188
2858187
2858186
2858184
2858169
2858168
2858162
2858161
2858141
2858139
2858137
2858136
2858135
2858133
2858131
2858129
2858127
2858125
2858124
2858090
2858080
2858079
2858078
2858075
2858067
2858059
2858053
2858051
2858049
2858045
2858043
2858037
2858035
2858033
2858032
2857999
2857987
2857977
2857974
2857968
2857963
2857958
2857957
2857956
2857955
2857953
2857950
2857949
2857948
2857947
2857946
2857945
2857944
2857943
2857942
2857941
2857940
2857939
2857937
2857936
2857935
2857934
2857932
2857931
